#	patch	cellIndex	edges	volume	faceIndex	faceArea
0	839	3.83803e-13	1
1	879	3.86464e-13	1
2	919	3.89144e-13	1
3	959	3.91842e-13	1
4	999	3.94559e-13	1
5	1039	3.97294e-13	1
6	1079	4.00049e-13	1
7	1119	4.02823e-13	1
8	1159	4.05616e-13	1
9	1199	4.08428e-13	1
10	1239	4.1126e-13	1
11	1279	4.14111e-13	1
12	1319	4.16982e-13	1
13	1359	4.19874e-13	1
14	1399	4.22785e-13	1
15	1439	4.25716e-13	1
16	1479	4.28668e-13	1
17	1519	4.3164e-13	1
18	1559	4.34633e-13	1
19	1599	4.37646e-13	1
20	1639	4.40681e-13	1
21	1679	4.43736e-13	1
22	1719	4.46813e-13	1
23	1759	4.49911e-13	1
24	1799	4.5303e-13	1
25	1839	4.56171e-13	1
26	1879	4.59334e-13	1
27	1919	4.62519e-13	1
28	1959	4.65726e-13	1
29	1999	4.68955e-13	1
30	2039	4.72206e-13	1
31	2079	4.7548e-13	1
32	2119	4.78777e-13	1
33	2159	4.82096e-13	1
34	2199	4.85439e-13	1
35	2239	4.88805e-13	1
36	2279	4.92194e-13	1
37	2319	4.95606e-13	1
38	2359	4.99043e-13	1
39	2399	5.02503e-13	1
40	2439	5.05987e-13	1
41	2479	5.09495e-13	1
42	2519	5.13028e-13	1
43	2559	5.16585e-13	1
44	2599	5.20166e-13	1
45	2639	5.23773e-13	1
46	2679	5.27404e-13	1
47	2719	5.31061e-13	1
48	2759	5.34743e-13	1
49	2799	5.38451e-13	1
50	2839	5.42184e-13	1
51	2879	5.45943e-13	1
52	2919	5.49729e-13	1
53	2959	5.5354e-13	1
54	2999	5.57378e-13	1
55	3039	5.61243e-13	1
56	3079	5.65134e-13	1
57	3119	5.69052e-13	1
58	3159	5.72998e-13	1
59	3199	5.76971e-13	1
60	3239	5.80971e-13	1
61	3279	5.84999e-13	1
62	3319	5.89055e-13	1
63	3359	5.93139e-13	1
64	3399	5.97252e-13	1
65	3439	6.01393e-13	1
66	3479	6.05563e-13	1
67	3519	6.09761e-13	1
68	3559	6.13989e-13	1
69	3599	6.18246e-13	1
70	3639	6.22533e-13	1
71	3679	6.26849e-13	1
72	3719	6.31195e-13	1
73	3759	6.35571e-13	1
74	3799	6.39978e-13	1
75	3839	6.44415e-13	1
76	3879	6.48883e-13	1
77	3919	6.53382e-13	1
78	3959	6.57913e-13	1
79	3999	6.62474e-13	1
80	4039	6.67067e-13	1
81	4079	6.71692e-13	1
82	4119	6.7635e-13	1
83	4159	6.81039e-13	1
84	4199	6.85761e-13	1
85	4239	6.90516e-13	1
86	4279	6.95303e-13	1
87	4319	7.00124e-13	1
88	4359	7.04978e-13	1
89	4399	7.09866e-13	1
90	4439	7.14788e-13	1
91	4479	7.19744e-13	1
92	4519	7.24734e-13	1
93	4559	7.29759e-13	1
94	4599	7.34819e-13	1
95	4639	7.39914e-13	1
96	4679	7.45044e-13	1
97	4719	7.5021e-13	1
98	4759	7.55411e-13	1
99	4799	7.60649e-13	1
100	4839	7.65923e-13	1
101	4879	7.71233e-13	1
102	4919	7.7658e-13	1
103	4959	7.81965e-13	1
104	4999	7.87387e-13	1
105	5039	7.92846e-13	1
106	5079	7.98343e-13	1
107	5119	8.03878e-13	1
108	5159	8.09452e-13	1
109	5199	8.15064e-13	1
110	5239	8.20715e-13	1
111	5279	8.26406e-13	1
112	5319	8.32136e-13	1
113	5359	8.37905e-13	1
114	5399	8.43715e-13	1
115	5439	8.49565e-13	1
116	5479	8.55455e-13	1
117	5519	8.61386e-13	1
118	5559	8.67359e-13	1
119	5599	8.73372e-13	1
120	5639	8.79428e-13	1
121	5679	8.85525e-13	1
122	5719	8.91665e-13	1
123	5759	8.97847e-13	1
124	5799	9.04072e-13	1
125	5839	9.10341e-13	1
126	5879	9.16653e-13	1
127	5919	9.23008e-13	1
128	5959	9.29408e-13	1
129	5999	9.35852e-13	1
130	6039	9.4234e-13	1
131	6079	9.48874e-13	1
132	6119	9.55453e-13	1
133	6159	9.62078e-13	1
134	6199	9.68748e-13	1
135	6239	9.75465e-13	1
136	6279	9.82228e-13	1
137	6319	9.89038e-13	1
138	6359	9.95896e-13	1
139	6399	1.0028e-12	1
140	6439	1.00975e-12	1
141	6479	1.01675e-12	1
142	6519	1.0238e-12	1
143	6559	1.0309e-12	1
144	6599	1.03805e-12	1
145	6639	1.04525e-12	1
146	6679	1.05249e-12	1
147	6719	1.05979e-12	1
148	6759	1.06714e-12	1
149	6799	1.07454e-12	1
150	6839	1.08199e-12	1
151	6879	1.08949e-12	1
152	6919	1.09705e-12	1
153	6959	1.10465e-12	1
154	6999	1.11231e-12	1
155	7039	1.12002e-12	1
156	7079	1.12779e-12	1
157	7119	1.13561e-12	1
158	7159	1.14348e-12	1
159	7199	1.15141e-12	1
